gpcm.PSL - A TEST WITH 27  4-CATEGORY ITEM                                      
                GENERALIZED PARTIAL CREDIT MODEL                                
SOCSCI     45   45    3    0    1
    1    1    1    1    1    1    1    1    1    1    1    1    1    1    1    1    1    1    1    1    1    1    1    1    1    1    1    1    1    1

    1    1    1    1    1    1    1    1    1    1    1    1    1    1    1
GROUP 01
BLOCK       20001   1.52658   0.14837  -1.36971   0.17791   0.23449   0.08629
   0.00000   0.00000
   0.00000   0.00000
BLOCK       20002   2.02247   0.19407  -1.13640   0.13853   0.00000   0.09979
   0.00000   0.00000
   0.00000   0.00000
BLOCK       20003   1.87582   0.22759   1.02449   0.06539   0.15880   0.02038
   0.00000   0.00000
   0.00000   0.00000
BLOCK       20004   1.94091   0.24011   1.21177   0.06555   0.13912   0.01711
   0.00000   0.00000
   0.00000   0.00000
BLOCK       20005   1.91707   0.28369   1.38519   0.07886   0.21134   0.01848
   0.00000   0.00000
   0.00000   0.00000
BLOCK       20006   1.64160   0.14278  -1.01602   0.12392   0.15763   0.06204
   0.00000   0.00000
   0.00000   0.00000
BLOCK       20007   1.62134   0.12519  -0.91037   0.10787   0.13242   0.05293
   0.00000   0.00000
   0.00000   0.00000
BLOCK       20008   2.14493   0.21087  -1.17067   0.12341   0.23237   0.07175
   0.00000   0.00000
   0.00000   0.00000
BLOCK       20009   1.49453   0.28127   1.86101   0.12901   0.20730   0.02038
   0.00000   0.00000
   0.00000   0.00000
BLOCK       20010   2.28491   0.29872   1.11258   0.06358   0.24168   0.01828
   0.00000   0.00000
   0.00000   0.00000
BLOCK       20011   2.36847   0.19534   0.14101   0.04955   0.09846   0.02216
   0.00000   0.00000
   0.00000   0.00000
BLOCK       20012   2.14025   0.17327  -0.84787   0.08316   0.12837   0.04749
   0.00000   0.00000
   0.00000   0.00000
BLOCK       20013   2.23390   0.22735   0.35992   0.06504   0.24682   0.02613
   0.00000   0.00000
   0.00000   0.00000
BLOCK       20014   2.13400   0.18377  -0.24049   0.06666   0.13721   0.03339
   0.00000   0.00000
   0.00000   0.00000
BLOCK       20015   2.30763   0.24376  -1.17851   0.11695   0.21594   0.06971
   0.00000   0.00000
   0.00000   0.00000
BLOCK       20016   2.95618   0.43154   1.44799   0.05952   0.14596   0.01171
   0.00000   0.00000
   0.00000   0.00000
BLOCK       20017   2.02848   0.21711  -0.31352   0.10143   0.30548   0.04519
   0.00000   0.00000
   0.00000   0.00000
BLOCK       20018   2.12089   0.18034   0.21733   0.05536   0.11971   0.02400
   0.00000   0.00000
   0.00000   0.00000
BLOCK       20019   2.33776   0.22111  -0.14558   0.06654   0.18661   0.03331
   0.00000   0.00000
   0.00000   0.00000
BLOCK       20020   1.97054   0.21843   0.18139   0.07845   0.23822   0.03354
   0.00000   0.00000
   0.00000   0.00000
BLOCK       20021   2.12429   0.21029  -1.02512   0.12357   0.25809   0.06823
   0.00000   0.00000
   0.00000   0.00000
BLOCK       20022   1.85344   0.22200   1.00026   0.06480   0.14490   0.02016
   0.00000   0.00000
   0.00000   0.00000
BLOCK       20023   1.53418   0.14684   0.15639   0.08858   0.14576   0.03591
   0.00000   0.00000
   0.00000   0.00000
BLOCK       20024   1.66120   0.14356  -1.17907   0.12928   0.16373   0.06659
   0.00000   0.00000
   0.00000   0.00000
BLOCK       20025   2.14652   0.27272   0.92147   0.06170   0.21687   0.02012
   0.00000   0.00000
   0.00000   0.00000
BLOCK       20026   1.91499   0.25028   0.44110   0.08772   0.34153   0.03104
   0.00000   0.00000
   0.00000   0.00000
BLOCK       20027   2.04275   0.17010  -0.43927   0.07479   0.12868   0.03807
   0.00000   0.00000
   0.00000   0.00000
BLOCK       20028   2.75223   0.27302   0.23369   0.05595   0.26362   0.02439
   0.00000   0.00000
   0.00000   0.00000
BLOCK       20029   2.00771   0.17161  -1.16563   0.11095   0.17075   0.06395
   0.00000   0.00000
   0.00000   0.00000
BLOCK       20030   2.11190   0.30150   1.55230   0.07662   0.15152   0.01420
   0.00000   0.00000
   0.00000   0.00000
BLOCK       20031   2.13356   0.25018  -0.43134   0.10752   0.33416   0.04837
   0.00000   0.00000
   0.00000   0.00000
BLOCK       20032   2.11070   0.19240   0.66892   0.05190   0.11391   0.01854
   0.00000   0.00000
   0.00000   0.00000
BLOCK       20033   2.05164   0.21486   0.46655   0.05963   0.16039   0.02469
   0.00000   0.00000
   0.00000   0.00000
BLOCK       20034   2.09082   0.26602   0.84680   0.06752   0.26472   0.02207
   0.00000   0.00000
   0.00000   0.00000
BLOCK       20035   1.85747   0.24621   0.50228   0.08356   0.29020   0.03126
   0.00000   0.00000
   0.00000   0.00000
BLOCK       20036   1.83775   0.22140   0.52644   0.08087   0.27585   0.02952
   0.00000   0.00000
   0.00000   0.00000
BLOCK       20037   1.83997   0.16907   0.01171   0.07589   0.15764   0.03374
   0.00000   0.00000
   0.00000   0.00000
BLOCK       20038   2.55488   0.22961   0.16369   0.05279   0.17694   0.02422
   0.00000   0.00000
   0.00000   0.00000
BLOCK       20039   1.70194   0.15434   0.15726   0.07891   0.15591   0.03260
   0.00000   0.00000
   0.00000   0.00000
BLOCK       20040   2.03444   0.16651   0.32475   0.05609   0.11723   0.02311
   0.00000   0.00000
   0.00000   0.00000
BLOCK       40041   1.95824   0.08576   0.45945   0.03464   0.00000   0.00000
   0.13128   0.07694  -0.20822   0.00000
   0.02954   0.02968   0.03104   0.00000
BLOCK       40042   1.72748   0.06600  -0.00965   0.03419   0.00000   0.00000
   0.27317   0.02667  -0.29984   0.00000
   0.03197   0.03156   0.03207   0.00000
BLOCK       40043   1.64930   0.05308   0.41014   0.03356   0.00000   0.00000
   0.64653   0.10864  -0.75517   0.00000
   0.03284   0.03278   0.03886   0.00000
BLOCK       40044   2.05109   0.07100  -0.40996   0.03003   0.00000   0.00000
   0.35698   0.24413  -0.60111   0.00000
   0.03037   0.02958   0.02818   0.00000
BLOCK       40045   2.30829   0.07287   0.39893   0.02735   0.00000   0.00000
   1.23041  -0.45712  -0.77329   0.00000
   0.02909   0.02915   0.03245   0.00000
